Printing Graph with Density of 0.2
0: 0 0 0 0 0 0 8.77877 0 0 0 0 3.46521 6.98073 2.01218 0 3.62278 0 9.16647 0 4.95245 0 6.85808 0 4.91915 0 3.71722 6.45363 0 0 9.94662 4.64802 7.87375 1.87804 6.07907 0 0 0 0 0 0 0 0 6.3364 0 4.96271 0 0 0 0 1.24336
1: 0 0 0 8.39121 0 0 0 0 0 7.85558 0 0 4.33862 0 0 2.95514 0 1.89326 0 8.86603 0 8.14238 0 0 0 7.39111 0 0 1.97084 0 0 0 0 0 0 4.55417 0 3.95042 0 0 0 0 0 5.24761 0 6.34193 0 0 7.60348 3.54969
2: 0 0 0 0 0 0 0 0 0 0 9.79302 0 2.01882 0 0 6.94108 0 9.84125 3.54406 0 6.64646 7.12258 0 9.97549 0 0 0 0 0 0 0 0 0 3.48491 0 0 0 0 1.55412 3.09088 0 8.42793 0 0 0 0 9.70512 0 9.44477 0
3: 0 8.39121 0 0 0 0 0 7.92969 0 5.43994 0 0 4.55965 0 4.55489 0 0 0 0 0 0 7.27631 0 0 0 0 4.54231 0 5.9869 0 0 2.79886 0 0 8.01373 4.49754 0 0 0 9.10165 8.97398 0 0 0 0 0 0 0 0 0
4: 0 0 0 0 0 5.046 8.17628 8.48093 0 0 0 0 9.94181 1.8147 0 0 4.09895 0 0 0 0 0 0 0 0 0 4.04192 4.38492 9.96872 0 0 0 0 0 0 0 2.65437 0 0 0 0 0 8.7591 0 0 0 0 0 0 0
5: 0 0 0 0 5.046 0 0 0 5.01782 0 0 0 5.05029 0 0 0 0 0 0 0 0 0 0 0 7.48225 0 3.087 0 4.79997 0 1.7034 8.70874 6.31553 0 0 0 7.42514 0 4.57284 0 0 0 0 5.63521 6.30599 0 6.0253 0 4.65072 0
6: 8.77877 0 0 0 8.17628 0 0 0 0 0 7.24206 0 9.24416 7.64012 0 3.95017 3.81409 0 0 0 2.18405 1.07483 2.03251 0 4.69347 0 0 5.80303 0 0 0 0 0 8.44917 9.31983 0 0 1.60239 3.50941 0 0 0 0 0 0 1.04398 0 0 0 0
7: 0 0 0 7.92969 8.48093 0 0 0 0 4.17331 0 0 6.70027 0 0 6.49796 1.17 0 0 0 0 0 0 4.49144 0 6.40641 8.87978 1.62226 0 0 0 2.44356 9.72853 0 0 0 0 0 0 0 4.60766 4.67884 0 0 0 0 0 0 0 3.28063
8: 0 0 0 0 0 5.01782 0 0 0 8.48861 9.91288 9.11491 0 0 0 0 0 5.40389 0 0 0 0 8.96448 0 9.05255 0 0 0 0 0 5.7074 6.29089 0 0 2.11845 5.78323 0 2.51657 0 0 3.08074 0 0 0 0 0 0 0 0 0
9: 0 7.85558 0 5.43994 0 0 0 4.17331 8.48861 0 0 3.37939 0 0 0 0 2.90965 4.22739 4.02669 0 0 6.03222 0 0 0 3.65078 9.78005 0 0 2.51354 0 2.44123 5.4323 0 0 0 0 3.81759 9.90856 0 0 0 0 0 0 8.15706 0 5.05104 0 0
10: 0 0 9.79302 0 0 0 7.24206 0 9.91288 0 0 0 0 0 0 0 0 0 0 0 6.7535 0 8.17358 0 1.74836 0 0 0 1.91002 0 0 0 2.69048 0 0 0 0 0 0 3.92475 0 0 0 0 4.80601 1.30968 0 0 9.87059 0
11: 3.46521 0 0 0 0 0 0 0 9.11491 3.37939 0 0 0 9.34108 3.24699 6.26605 0 6.48045 3.8087 8.32729 0 0 0 6.39601 0 0 0 0 0 0 0 0 0 0 0 9.53406 0 0 0 0 0 0 9.17469 0 0 8.8401 6.43298 0 0 0
12: 6.98073 4.33862 2.01882 4.55965 9.94181 5.05029 9.24416 6.70027 0 0 0 0 0 1.09922 0 0 0 0 0 0 0 9.88225 0 0 0 0 0 4.38708 0 0 0 0 0 0 0 0 1.72662 0 0 0 0 0 0 0 0 0 2.58916 0 0 0
13: 2.01218 0 0 0 1.8147 0 7.64012 0 0 0 0 9.34108 1.09922 0 9.80818 0 0 0 7.84789 0 9.57788 7.48365 0 6.76709 3.2343 0 0 0 0 1.78028 0 4.31325 0 0 0 0 6.15042 8.9072 0 1.90937 0 0 0 0 0 1.65911 4.77482 0 0 0
14: 0 0 0 4.55489 0 0 0 0 0 0 0 3.24699 0 9.80818 0 6.54236 0 1.15607 0 0 2.88023 0 0 0 0 0 0 0 7.06084 7.27742 0 0 4.64771 4.05837 0 9.9418 0 0 0 0 0 2.98894 0 0 0 0 0 0 3.76752 0
15: 3.62278 2.95514 6.94108 0 0 0 3.95017 6.49796 0 0 0 6.26605 0 0 6.54236 0 0 9.06886 0 0 8.84254 0 0 7.48613 0 8.71101 0 1.31652 0 8.05769 2.69908 0 0 0 0 0 0 0 0 0 0 0 0 0 0 0 0 0 0 0
16: 0 0 0 0 4.09895 0 3.81409 1.17 0 2.90965 0 0 0 0 0 0 0 6.57113 0 0 0 0 0 9.81923 0 0 0 0 0 0 0 0 0 9.86431 0 0 0 0 0 5.55402 5.76123 0 5.08461 0 0 0 0 0 0 0
17: 9.16647 1.89326 9.84125 0 0 0 0 0 5.40389 4.22739 0 6.48045 0 0 1.15607 9.06886 6.57113 0 0 0 7.25821 0 0 0 0 0 0 7.12927 0 0 0 0 0 0 0 0 0 0 0 0 0 5.0667 0 3.44081 8.94848 0 7.49413 0 0 0
18: 0 0 3.54406 0 0 0 0 0 0 4.02669 0 3.8087 0 7.84789 0 0 0 0 0 0 0 0 9.78827 0 1.09103 0 5.90491 0 0 3.50182 0 0 0 0 1.41006 0 0 0 0 0 1.15184 0 0 0 0 0 0 6.74732 0 0
19: 4.95245 8.86603 0 0 0 0 0 0 0 0 0 8.32729 0 0 0 0 0 0 0 0 0 6.73745 2.3425 0 0 0 5.12468 0 3.69874 0 0 0 9.54917 0 5.0236 0 3.25684 0 0 8.22142 0 0 0 0 0 0 0 0 4.03235 0
20: 0 0 6.64646 0 0 0 2.18405 0 0 0 6.7535 0 0 9.57788 2.88023 8.84254 0 7.25821 0 0 0 5.29237 0 0 0 5.87093 0 0 0 8.0084 3.25748 4.92723 6.35699 0 5.20061 0 0 0 0 0 0 0 6.53324 0 0 0 0 0 0 5.64775
21: 6.85808 8.14238 7.12258 7.27631 0 0 1.07483 0 0 6.03222 0 0 9.88225 7.48365 0 0 0 0 0 6.73745 5.29237 0 1.6242 0 9.63382 0 0 8.53457 0 6.96013 0 0 0 4.33645 0 3.6159 0 0 5.70285 8.45021 0 0 0 0 0 0 0 8.3277 0 0
22: 0 0 0 0 0 0 2.03251 0 8.96448 0 8.17358 0 0 0 0 0 0 0 9.78827 2.3425 0 1.6242 0 0 5.61853 8.70014 0 0 0 7.89349 0 0 0 0 0 0 0 6.41408 0 0 0 0 9.19662 0 0 0 0 0 0 4.71605
23: 4.91915 0 9.97549 0 0 0 0 4.49144 0 0 0 6.39601 0 6.76709 0 7.48613 9.81923 0 0 0 0 0 0 0 0 0 0 0 0 0 0 0 1.94728 0 0 0 7.67608 0 0 4.47926 0 0 0 0 5.91238 0 0 0 0 0
24: 0 0 0 0 0 7.48225 4.69347 0 9.05255 0 1.74836 0 0 3.2343 0 0 0 0 1.09103 0 0 9.63382 5.61853 0 0 0 4.43358 0 0 0 1.88917 0 0 0 0 0 0 0 0 0 0 0 0 0 0 0 0 0 0 0
25: 3.71722 7.39111 0 0 0 0 0 6.40641 0 3.65078 0 0 0 0 0 8.71101 0 0 0 0 5.87093 0 8.70014 0 0 0 0 5.33675 0 0 0 0 7.64274 9.61042 0 0 0 0 0 0 0 0 0 0 0 0 0 0 0 4.16673
26: 6.45363 0 0 4.54231 4.04192 3.087 0 8.87978 0 9.78005 0 0 0 0 0 0 0 0 5.90491 5.12468 0 0 0 0 4.43358 0 0 0 0 4.04979 0 0 0 0 0 0 1.65837 0 0 0 9.64079 0 0 6.87764 6.2785 0 0 0 0 0
27: 0 0 0 0 4.38492 0 5.80303 1.62226 0 0 0 0 4.38708 0 0 1.31652 0 7.12927 0 0 0 8.53457 0 0 0 5.33675 0 0 8.86201 0 0 0 0 0 9.26446 0 0 0 0 0 0 0 0 0 0 0 0 0 0 0
28: 0 1.97084 0 5.9869 9.96872 4.79997 0 0 0 0 1.91002 0 0 0 7.06084 0 0 0 0 3.69874 0 0 0 0 0 0 0 8.86201 0 0 0 0 0 0 3.93208 0 0 0 0 0 7.84574 0 0 0 0 0 0 0 0 0
29: 9.94662 0 0 0 0 0 0 0 0 2.51354 0 0 0 1.78028 7.27742 8.05769 0 0 3.50182 0 8.0084 6.96013 7.89349 0 0 0 4.04979 0 0 0 0 0 0 0 0 0 0 0 0 0 0 0 0 0 0 0 0 0 0 0
30: 4.64802 0 0 0 0 1.7034 0 0 5.7074 0 0 0 0 0 0 2.69908 0 0 0 0 3.25748 0 0 0 1.88917 0 0 0 0 0 0 0 0 0 0 2.21385 0 0 8.13478 0 6.39109 6.24949 0 5.78847 0 0 0 0 0 0
31: 7.87375 0 0 2.79886 0 8.70874 0 2.44356 6.29089 2.44123 0 0 0 4.31325 0 0 0 0 0 0 4.92723 0 0 0 0 0 0 0 0 0 0 0 0 6.23119 0 2.43815 0 1.16284 0 9.38681 0 0 0 0 0 0 0 0 0 0
32: 1.87804 0 0 0 0 6.31553 0 9.72853 0 5.4323 2.69048 0 0 0 4.64771 0 0 0 0 9.54917 6.35699 0 0 1.94728 0 7.64274 0 0 0 0 0 0 0 0 0 0 0 0 0 0 0 6.81869 0 0 2.27171 0 0 0 0 0
33: 6.07907 0 3.48491 0 0 0 8.44917 0 0 0 0 0 0 0 4.05837 0 9.86431 0 0 0 0 4.33645 0 0 0 9.61042 0 0 0 0 0 6.23119 0 0 0 0 0 0 0 0 0 0 0 0 0 0 0 0 0 0
34: 0 0 0 8.01373 0 0 9.31983 0 2.11845 0 0 0 0 0 0 0 0 0 1.41006 5.0236 5.20061 0 0 0 0 0 0 9.26446 3.93208 0 0 0 0 0 0 1.498 0 0 0 0 0 0 0 0 0 0 0 0 0 0
35: 0 4.55417 0 4.49754 0 0 0 0 5.78323 0 0 9.53406 0 0 9.9418 0 0 0 0 0 0 3.6159 0 0 0 0 0 0 0 0 2.21385 2.43815 0 0 1.498 0 0 0 5.50797 0 0 0 0 0 0 0 0 0 0 0
36: 0 0 0 0 2.65437 7.42514 0 0 0 0 0 0 1.72662 6.15042 0 0 0 0 0 3.25684 0 0 0 7.67608 0 0 1.65837 0 0 0 0 0 0 0 0 0 0 7.91062 0 0 0 0 0 4.89909 0 0 0 2.21829 0 0
37: 0 3.95042 0 0 0 0 1.60239 0 2.51657 3.81759 0 0 0 8.9072 0 0 0 0 0 0 0 0 6.41408 0 0 0 0 0 0 0 0 1.16284 0 0 0 0 7.91062 0 0 0 0 0 0 0 0 0 0 0 0 0
38: 0 0 1.55412 0 0 4.57284 3.50941 0 0 9.90856 0 0 0 0 0 0 0 0 0 0 0 5.70285 0 0 0 0 0 0 0 0 8.13478 0 0 0 0 5.50797 0 0 0 0 0 0 0 0 0 0 0 0 0 0
39: 0 0 3.09088 9.10165 0 0 0 0 0 0 3.92475 0 0 1.90937 0 0 5.55402 0 0 8.22142 0 8.45021 0 4.47926 0 0 0 0 0 0 0 9.38681 0 0 0 0 0 0 0 0 0 0 0 0 0 0 0 0 0 0
40: 0 0 0 8.97398 0 0 0 4.60766 3.08074 0 0 0 0 0 0 0 5.76123 0 1.15184 0 0 0 0 0 0 0 9.64079 0 7.84574 0 6.39109 0 0 0 0 0 0 0 0 0 0 0 0 8.59354 0 0 0 8.79826 0 0
41: 0 0 8.42793 0 0 0 0 4.67884 0 0 0 0 0 0 2.98894 0 0 5.0667 0 0 0 0 0 0 0 0 0 0 0 0 6.24949 0 6.81869 0 0 0 0 0 0 0 0 0 0 0 0 0 0 0 0 0
42: 6.3364 0 0 0 8.7591 0 0 0 0 0 0 9.17469 0 0 0 0 5.08461 0 0 0 6.53324 0 9.19662 0 0 0 0 0 0 0 0 0 0 0 0 0 0 0 0 0 0 0 0 2.90422 0 0 0 0 0 0
43: 0 5.24761 0 0 0 5.63521 0 0 0 0 0 0 0 0 0 0 0 3.44081 0 0 0 0 0 0 0 0 6.87764 0 0 0 5.78847 0 0 0 0 0 4.89909 0 0 0 8.59354 0 2.90422 0 0 0 0 0 0 0
44: 4.96271 0 0 0 0 6.30599 0 0 0 0 4.80601 0 0 0 0 0 0 8.94848 0 0 0 0 0 5.91238 0 0 6.2785 0 0 0 0 0 2.27171 0 0 0 0 0 0 0 0 0 0 0 0 0 0 0 0 0
45: 0 6.34193 0 0 0 0 1.04398 0 0 8.15706 1.30968 8.8401 0 1.65911 0 0 0 0 0 0 0 0 0 0 0 0 0 0 0 0 0 0 0 0 0 0 0 0 0 0 0 0 0 0 0 0 0 0 0 0
46: 0 0 9.70512 0 0 6.0253 0 0 0 0 0 6.43298 2.58916 4.77482 0 0 0 7.49413 0 0 0 0 0 0 0 0 0 0 0 0 0 0 0 0 0 0 0 0 0 0 0 0 0 0 0 0 0 0 0 0
47: 0 0 0 0 0 0 0 0 0 5.05104 0 0 0 0 0 0 0 0 6.74732 0 0 8.3277 0 0 0 0 0 0 0 0 0 0 0 0 0 0 2.21829 0 0 0 8.79826 0 0 0 0 0 0 0 0 0
48: 0 7.60348 9.44477 0 0 4.65072 0 0 0 0 9.87059 0 0 0 3.76752 0 0 0 0 4.03235 0 0 0 0 0 0 0 0 0 0 0 0 0 0 0 0 0 0 0 0 0 0 0 0 0 0 0 0 0 0
49: 1.24336 3.54969 0 0 0 0 0 3.28063 0 0 0 0 0 0 0 0 0 0 0 0 5.64775 0 4.71605 0 0 4.16673 0 0 0 0 0 0 0 0 0 0 0 0 0 0 0 0 0 0 0 0 0 0 0 0

Neighbors of Each Node for Graph containing density of 0.2
-----------------------------------------
0: 6 11 12 13 15 17 19 21 23 25 26 29 30 31 32 33 42 44 49
1: 3 9 12 15 17 19 21 25 28 35 37 43 45 48 49
2: 10 12 15 17 18 20 21 23 33 38 39 41 46 48
3: 1 7 9 12 14 21 26 28 31 34 35 39 40
4: 5 6 7 12 13 16 26 27 28 36 42
5: 4 8 12 24 26 28 30 31 32 36 38 43 44 46 48
6: 0 4 10 12 13 15 16 20 21 22 24 27 33 34 37 38 45
7: 3 4 9 12 15 16 23 25 26 27 31 32 40 41 49
8: 5 9 10 11 17 22 24 30 31 34 35 37 40
9: 1 3 7 8 11 16 17 18 21 25 26 29 31 32 37 38 45 47
10: 2 6 8 20 22 24 28 32 39 44 45 48
11: 0 8 9 13 14 15 17 18 19 23 35 42 45 46
12: 0 1 2 3 4 5 6 7 13 21 27 36 46
13: 0 4 6 11 12 14 18 20 21 23 24 29 31 36 37 39 45 46
14: 3 11 13 15 17 20 28 29 32 33 35 41 48
15: 0 1 2 6 7 11 14 17 20 23 25 27 29 30
16: 4 6 7 9 17 23 33 39 40 42
17: 0 1 2 8 9 11 14 15 16 20 27 41 43 44 46
18: 2 9 11 13 22 24 26 29 34 40 47
19: 0 1 11 21 22 26 28 32 34 36 39 48
20: 2 6 10 13 14 15 17 21 25 29 30 31 32 34 42 49
21: 0 1 2 3 6 9 12 13 19 20 22 24 27 29 33 35 38 39 47
22: 6 8 10 18 19 21 24 25 29 37 42 49
23: 0 2 7 11 13 15 16 32 36 39 44
24: 5 6 8 10 13 18 21 22 26 30
25: 0 1 7 9 15 20 22 27 32 33 49
26: 0 3 4 5 7 9 18 19 24 29 36 40 43 44
27: 4 6 7 12 15 17 21 25 28 34
28: 1 3 4 5 10 14 19 27 34 40
29: 0 9 13 14 15 18 20 21 22 26
30: 0 5 8 15 20 24 35 38 40 41 43
31: 0 3 5 7 8 9 13 20 33 35 37 39
32: 0 5 7 9 10 14 19 20 23 25 41 44
33: 0 2 6 14 16 21 25 31
34: 3 6 8 18 19 20 27 28 35
35: 1 3 8 11 14 21 30 31 34 38
36: 4 5 12 13 19 23 26 37 43 47
37: 1 6 8 9 13 22 31 36
38: 2 5 6 9 21 30 35
39: 2 3 10 13 16 19 21 23 31
40: 3 7 8 16 18 26 28 30 43 47
41: 2 7 14 17 30 32
42: 0 4 11 16 20 22 43
43: 1 5 17 26 30 36 40 42
44: 0 5 10 17 23 26 32
45: 1 6 9 10 11 13
46: 2 5 11 12 13 17
47: 9 18 21 36 40
48: 1 2 5 10 14 19
49: 0 1 7 20 22 25
----------------------------------------------------------
Information for paths for Graph A containing density of 0.2
-----------------------------------------
1: 49 1
Path Length of 1: 4.79306
2: 13 12 2
Path Length of 2: 5.13023
3: 13 12 3
Path Length of 3: 7.67105
4: 13 4
Path Length of 4: 3.82688
5: 30 5
Path Length of 5: 6.35142
6: 13 45 6
Path Length of 6: 4.71528
7: 49 7
Path Length of 7: 4.52399
8: 13 45 6 37 8
Path Length of 8: 8.83423
9: 13 29 9
Path Length of 9: 6.306
10: 32 10
Path Length of 10: 4.56852
11: 11
Path Length of 11: 3.46521
12: 13 12
Path Length of 12: 3.1114
13: 13
Path Length of 13: 2.01218
14: 32 14
Path Length of 14: 6.52575
15: 15
Path Length of 15: 3.62278
16: 49 7 16
Path Length of 16: 5.69399
17: 49 1 17
Path Length of 17: 6.68632
18: 13 24 18
Path Length of 18: 6.33751
19: 19
Path Length of 19: 4.95245
20: 49 20
Path Length of 20: 6.89111
21: 13 45 6 21
Path Length of 21: 5.79011
22: 49 22
Path Length of 22: 5.95941
23: 32 23
Path Length of 23: 3.82532
24: 13 24
Path Length of 24: 5.24648
25: 25
Path Length of 25: 3.71722
26: 26
Path Length of 26: 6.45363
27: 15 27
Path Length of 27: 4.9393
28: 32 10 28
Path Length of 28: 6.47854
29: 13 29
Path Length of 29: 3.79246
30: 30
Path Length of 30: 4.64802
31: 13 31
Path Length of 31: 6.32543
32: 32
Path Length of 32: 1.87804
33: 33
Path Length of 33: 6.07907
34: 13 24 18 34
Path Length of 34: 7.74758
35: 30 35
Path Length of 35: 6.86188
36: 13 12 36
Path Length of 36: 4.83803
37: 13 45 6 37
Path Length of 37: 6.31767
38: 13 12 2 38
Path Length of 38: 6.68435
39: 13 39
Path Length of 39: 3.92155
40: 13 24 18 40
Path Length of 40: 7.48935
41: 32 41
Path Length of 41: 8.69673
42: 42
Path Length of 42: 6.3364
43: 42 43
Path Length of 43: 9.24062
44: 32 44
Path Length of 44: 4.14976
45: 13 45
Path Length of 45: 3.67129
46: 13 12 46
Path Length of 46: 5.70056
47: 13 12 36 47
Path Length of 47: 7.05632
48: 19 48
Path Length of 48: 8.9848
49: 49
Path Length of 49: 1.24336

Average of Graph Paths: 5.51209
Average number of neighbors per node: 11
Total number of neighbors: 568
Printing Graph with density of 0.4
0: 0 0 9.79302 3.7735 1.90665 1.58972 0 1.84997 9.76524 8.27253 8.18295 1.04305 1.8147 8.47658 0 0 2.90732 5.90491 7.66583 3.65837 0 3.71722 0 8.85186 8.87978 4.38708 7.87375 0 5.98342 0 0 0 0 0 0 5.01672 0 0 0 0 0 0 0 0 7.32824 6.75555 4.86177 0 7.14103 9.15775
1: 0 0 7.11568 4.47139 3.53465 7.34251 8.28761 9.72853 3.69849 2.95514 0 6.98073 0 3.24699 0 3.86762 9.11861 0 9.54917 0 6.05402 5.74634 0 7.45917 9.6847 4.55417 7.54259 6.96013 0 0 0 0 0 4.22315 0 0 0 0 3.72201 2.48715 0 0 0 8.5779 0 0 0 0 8.90251 8.70395
2: 9.79302 7.11568 0 8.34192 6.94108 4.79997 3.27541 3.54406 0 6.64646 3.57206 4.33862 6.20343 2.24201 6.54236 3.2766 0 0 1.25228 0 1.4315 1.18544 0 0 7.83449 0 0 0 6.40348 5.38194 0 7.75854 2.37679 3.68258 0 9.90856 1.90937 1.15184 3.08121 0 0 0 0 0 7.60348 0 0 7.58554 0 0
3: 3.7735 4.47139 8.34192 0 6.45335 9.19508 2.55847 7.52415 4.54231 0 9.25406 2.01882 3.85266 9.80818 0 1.14869 8.0172 6.821 0 9.10165 8.20552 3.85802 4.01996 6.40641 0 0 0 0 0 0 0 0 0 1.68884 0 0 5.76074 0 4.19734 0 6.46588 7.79786 8.84469 1.52642 9.44477 8.60189 0 0 1.11141 0
4: 1.90665 3.53465 6.94108 6.45335 0 6.78863 0 3.69147 2.8536 7.92319 1.84735 4.55965 6.24562 0 2.1616 9.81923 1.3301 4.62783 9.01778 2.43061 4.72324 4.91915 1.87278 0 4.12995 0 3.69874 3.5316 0 0 0 2.7274 4.95949 4.23356 1.60239 8.84245 0 0 7.03517 9.88832 2.32757 0 0 0 0 3.28063 0 0 0 0
5: 1.58972 7.34251 4.79997 9.19508 6.78863 0 0 5.55327 0 9.75906 2.81228 1.25168 2.72338 7.14319 0 5.63521 0 8.34505 2.54906 0 6.53871 0 0 3.65078 0 7.12927 7.64574 4.04979 0 0 0 0 0 0 0 0 0 9.20747 0 0 0 4.49347 0 9.08605 0 0 3.89956 0 0 0
6: 0 8.28761 3.27541 2.55847 0 0 0 6.5237 1.62336 7.72598 0 5.25492 4.53047 0 0 0 7.9455 8.6328 2.24678 2.25233 8.0546 9.97549 4.69347 0 9.0011 7.98808 0 0 0 6.70027 7.54923 7.33402 3.48994 0 2.51657 0 0 0 0 6.88235 0 5.6704 0 0 4.65072 0 0 0 0 0
7: 1.84997 9.72853 3.54406 7.52415 3.69147 5.55327 6.5237 0 3.81007 1.66729 0 9.24416 5.04057 0 7.40693 9.75411 0 5.22114 5.01782 3.72222 2.93598 9.73424 0 0 0 0 0 8.64817 0 0 8.60025 7.17758 0 0 0 0 8.22142 0 6.24949 0 4.22829 0 1.77544 0 0 8.81871 1.27838 0 2.83334 0
8: 9.76524 3.69849 0 4.54231 2.8536 0 1.62336 3.81007 0 8.7136 7.72091 0 9.68457 0 0 0 4.17331 8.48861 0 1.0362 0 0 9.05255 0 2.32437 0 0 0 0 0 2.27171 0 6.43247 8.09666 0 7.94097 1.90975 0 0 2.15921 8.59354 0 0 0 0 3.05074 0 0 8.958 0
9: 8.27253 2.95514 6.64646 0 7.92319 9.75906 7.72598 1.66729 8.7136 0 0 0 0 0 7.24206 0 9.91288 3.99617 0 7.69577 9.31817 0 0 0 0 8.53457 6.7535 0 2.21385 9.38681 1.74836 0 0 0 3.35645 0 0 9.64079 6.81869 9.28768 0 0 0 0 0 0 5.18913 0 9.97797 0
10: 8.18295 0 3.57206 9.25406 1.84735 2.81228 0 0 7.72091 0 0 0 9.11491 9.55963 0 0 6.97404 9.34108 1.35913 6.85808 0 4.49144 4.8069 0 0 2.98905 0 1.4835 0 0 0 0 1.85037 1.72662 0 0 2.19491 0 0 0 2.90422 0 5.82693 0 0 0 9.21805 5.04642 0 0 
11: 1.04305 6.98073 4.33862 2.01882 4.55965 1.25168 5.25492 9.24416 0 0 0 0 0 1.46343 4.79266 0 8.95682 0 1.2295 7.08757 0 0 1.87604 8.71101 0 3.83654 8.86201 0 0 1.02283 1.33786 8.01373 0 6.15042 8.9072 0 3.78561 7.84574 3.05173 0 6.36325 0 0 0 9.87059 0 0 0 0 0
12: 1.8147 0 6.20343 3.85266 6.24562 2.72338 4.53047 5.04057 9.68457 0 9.11491 0 0 0 7.48365 0 6.749 5.18104 0 0 0 7.41813 5.05649 5.30402 0 5.33675 0 6.78052 0 0 1.52427 0 0 0 0 5.70285 0 0 4.45181 0 9.65894 0 9.70512 0 0 9.7911 6.57024 0 0 6.71195
13: 8.47658 3.24699 2.24201 9.80818 0 7.14319 0 0 0 0 9.55963 1.46343 0 0 0 9.86431 1.03677 1.50135 8.00047 7.27631 2.03251 0 0 9.26627 1.14809 4.37595 7.00832 9.66436 0 0 0 1.772 1.90221 0 0 0 0 6.39109 7.76455 6.35178 0 0 0 1.68858 0 0 0 9.72134 0 8.75353
14: 0 0 6.54236 0 2.1616 0 0 7.40693 0 7.24206 0 4.79266 7.48365 0 0 6.37296 9.99947 0 0 0 5.65125 6.39601 0 1.20448 5.85182 2.84642 0 0 8.67825 0 0 0 0 7.51552 4.19549 0 0 0 0 4.86846 4.66005 9.75181 2.4297 0 0 5.64775 0 0 9.05732 9.34094 
15: 0 3.86762 3.2766 1.14869 9.81923 5.63521 0 9.75411 0 0 0 0 0 9.86431 6.37296 0 6.65238 0 8.41818 5.76123 0 0 0 4.37063 8.52609 6.94456 9.16647 2.82774 0 0 3.48491 0 6.45136 0 0 3.49286 1.26003 0 9.20873 0 4.96271 6.34193 0 0 3.76752 0 3.2969 9.21273 0 9.76753
16: 2.90732 9.11861 0 8.0172 1.3301 0 7.9455 0 4.17331 9.91288 6.97404 8.95682 6.749 1.03677 9.99947 6.65238 0 0 0 0 6.80509 6.76709 1.09103 0 0 8.80258 0 5.564 9.23918 2.02879 1.17799 8.97533 9.9418 3.25684 0 0 0 0 9.59098 0 9.32182 0 0 0 0 4.71605 0 1.01925 6.78266 0
17: 5.90491 0 0 6.821 4.62783 8.34505 8.6328 5.22114 8.48861 3.99617 9.34108 0 5.18104 1.50135 0 0 0 0 9.30937 4.43341 8.17358 8.86603 0 7.50437 4.56756 0 8.12684 7.38581 0 0 5.66346 3.68755 7.29996 0 0 0 3.99348 2.66838 0 3.29088 0 3.73793 0 0 0 0 5.0714 0 1.71963 0
18: 7.66583 9.54917 1.25228 0 9.01778 2.54906 2.24678 5.01782 0 0 1.35913 1.2295 0 8.00047 0 8.41818 0 9.30937 0 2.63013 0 7.48613 0 0 0 0 0 0 9.57788 1.87804 8.44917 0 7.25821 0 0 0 0 3.04232 0 5.61602 0 0 9.85523 6.79671 0 3.25748 0 0 0 1.43966
19: 3.65837 0 0 9.10165 2.43061 0 2.25233 3.72222 1.0362 7.69577 6.85808 7.08757 0 7.27631 0 5.76123 0 4.43341 2.63013 0 4.39577 8.73125 0 0 0 0 3.98398 8.62481 3.25678 0 0 9.94449 0 0 6.41408 0 8.70012 0 0 4.6989 6.30599 1.04398 0 0 0 4.16673 0 0 0 8.83387
20: 0 6.05402 1.4315 8.20552 4.72324 6.53871 8.0546 2.93598 0 9.31817 0 0 0 2.03251 5.65125 0 6.80509 8.17358 0 4.39577 0 0 5.61853 8.92981 8.08976 3.65997 2.17443 1.80577 0 0 8.70014 0 0 7.67608 0 8.13478 0 8.30076 0 5.0268 0 0 6.43298 0 4.03235 8.33324 0 0 6.10231 5.86881
21: 3.71722 5.74634 1.18544 3.85802 4.91915 0 9.97549 9.73424 0 0 4.49144 0 7.41813 0 6.39601 0 6.76709 8.86603 7.48613 8.73125 0 0 1.28911 3.93914 6.11244 0 5.78443 1.69597 9.61482 0 8.44273 0 1.00565 0 3.69051 0 9.00619 0 0 0 0 0 2.58916 0 9.20345 0 6.65086 0 0 5.18007
22: 0 0 0 4.01996 1.87278 0 4.69347 0 9.05255 0 4.8069 1.87604 5.05649 0 0 0 1.09103 0 0 0 5.61853 1.28911 0 8.67452 1.65837 0 5.73867 0 0 0 0 0 6.58613 9.66249 0 0 8.49637 0 0 0 0 8.15706 4.77482 6.74732 1.33151 0 0 0 0 2.81669
23: 8.85186 7.45917 0 6.40641 0 3.65078 0 0 0 0 0 8.71101 5.30402 9.26627 1.20448 4.37063 0 7.50437 0 0 8.92981 3.93914 8.67452 0 0 1.68375 0 5.18393 0 6.31553 7.97205 2.23133 0 0 0 0 0 0 0 0 0 1.30968 0 8.86801 0 7.66421 0 0 0 0
24: 8.87978 9.6847 7.83449 0 4.12995 0 9.0011 0 2.32437 0 0 0 0 1.14809 5.85182 8.52609 0 4.56756 0 0 8.08976 6.11244 1.65837 0 0 0 0 0 8.22107 0 4.05837 5.87362 0 0 0 0 0 0 0 0 0 8.8401 0 8.3277 0 0 2.18895 5.75648 0 0
25: 4.38708 4.55417 0 0 0 7.12927 7.98808 0 0 8.53457 2.98905 3.83654 5.33675 4.37595 2.84642 6.94456 8.80258 0 0 0 3.65997 0 0 1.68375 0 0 0 0 7.2839 0 2.96983 5.20061 0 0 4.85869 5.50797 0 9.14487 0 0 0 0 0 6.61926 6.88147 0 9.46194 6.56196 0 0
26: 7.87375 7.54259 0 0 3.69874 7.64574 0 0 0 6.7535 0 8.86201 0 7.00832 0 9.16647 0 8.12684 0 3.98398 2.17443 5.78443 5.73867 0 0 0 0 8.68904 8.70874 4.01921 0 0 0 0 1.16284 5.35695 2.51354 6.97963 0 0 0 1.65911 7.49413 0 0 0 0 9.00523 0 0
27: 0 6.96013 0 0 3.5316 4.04979 0 8.64817 0 0 1.4835 0 6.78052 9.66436 0 2.82774 5.564 7.38581 0 8.62481 1.80577 1.69597 0 5.18393 0 0 8.68904 0 2.62617 5.4323 0 0 0 0 0 0 0 7.22621 0 0 0 0 0 8.4163 0 0 0 0 7.38458 0
28: 5.98342 0 6.40348 0 0 0 0 0 0 2.21385 0 0 0 0 8.67825 0 9.23918 0 9.57788 3.25678 0 9.61482 0 0 8.22107 7.2839 8.70874 2.62617 0 0 2.44123 6.28274 0 4.31325 0 6.74144 0 0 0 0 0 0 0 0 0 0 0 0 0 0
29: 0 0 5.38194 0 0 0 6.70027 0 0 9.38681 0 1.02283 0 0 0 0 2.02879 0 1.87804 0 0 0 0 6.31553 0 0 4.01921 5.4323 0 0 0 0 7.12579 0 4.95182 0 0 0 0 1.94728 0 7.64274 0 0 0 0 0 3.95263 0 0
30: 0 0 0 0 0 0 7.54923 8.60025 2.27171 1.74836 0 1.33786 1.52427 0 0 3.48491 1.17799 5.66346 8.44917 0 8.70014 8.44273 0 7.97205 4.05837 2.96983 0 0 2.44123 0 0 0 0 0 5.83151 0 0 0 0 0 0 0 0 0 0 0 0 1.03984 0 0
31: 0 0 7.75854 0 2.7274 0 7.33402 7.17758 0 0 0 8.01373 0 1.772 0 0 8.97533 3.68755 0 9.94449 0 0 0 2.23133 5.87362 5.20061 0 0 6.28274 0 0 0 0 0 0 0 0 0 0 0 0 0 2.01307 0 4.43817 0 0 9.31816 0 0
32: 0 0 2.37679 0 4.95949 0 3.48994 0 6.43247 0 1.85037 0 0 1.90221 0 6.45136 9.9418 7.29996 7.25821 0 0 1.00565 6.58613 0 0 0 0 0 0 7.12579 0 0 0 0 0 0 0 0 0 0 0 0 0 0 0 0 0 0 0 0
33: 0 4.22315 3.68258 1.68884 4.23356 0 0 0 8.09666 0 1.72662 6.15042 0 0 7.51552 0 3.25684 0 0 0 7.67608 0 9.66249 0 0 0 0 0 4.31325 0 0 0 0 0 8.21431 0 0 0 0 0 0 0 0 0 0 0 0 0 0 0
34: 0 0 0 0 1.60239 0 2.51657 0 0 3.35645 0 8.9072 0 0 4.19549 0 0 0 0 6.41408 0 3.69051 0 0 0 4.85869 1.16284 0 0 4.95182 5.83151 0 0 8.21431 0 0 0 0 0 0 0 0 0 5.17635 0 0 0 0 0 0
35: 5.01672 0 9.90856 0 8.84245 0 0 0 7.94097 0 0 0 5.70285 0 0 3.49286 0 0 0 0 8.13478 0 0 0 0 5.50797 5.35695 0 6.74144 0 0 0 0 0 0 0 7.0036 0 0 0 0 0 0 0 0 0 0 0 0 0
36: 0 0 1.90937 5.76074 0 0 0 8.22142 1.90975 0 2.19491 3.78561 0 0 0 1.26003 0 3.99348 0 8.70012 0 9.00619 8.49637 0 0 0 2.51354 0 0 0 0 0 0 0 0 7.0036 0 0 0 0 0 0 0 0 0 0 0 0 0 0
37: 0 0 1.15184 0 0 9.20747 0 0 0 9.64079 0 7.84574 0 6.39109 0 0 0 2.66838 3.04232 0 8.30076 0 0 0 0 9.14487 6.97963 7.22621 0 0 0 0 0 0 0 0 0 0 0 0 0 0 0 0 0 0 0 0 0 0
38: 0 3.72201 3.08121 4.19734 7.03517 0 0 6.24949 0 6.81869 0 3.05173 4.45181 7.76455 0 9.20873 9.59098 0 0 0 0 0 0 0 0 0 0 0 0 0 0 0 0 0 0 0 0 0 0 0 0 0 0 0 0 0 0 0 0 0
39: 0 2.48715 0 0 9.88832 0 6.88235 0 2.15921 9.28768 0 0 0 6.35178 4.86846 0 0 3.29088 5.61602 4.6989 5.0268 0 0 0 0 0 0 0 0 1.94728 0 0 0 0 0 0 0 0 0 0 0 0 0 0 0 0 0 0 0 0
40: 0 0 0 6.46588 2.32757 0 0 4.22829 8.59354 0 2.90422 6.36325 9.65894 0 4.66005 4.96271 9.32182 0 0 6.30599 0 0 0 0 0 0 0 0 0 0 0 0 0 0 0 0 0 0 0 0 0 0 0 0 0 0 0 0 0 0
41: 0 0 0 7.79786 0 4.49347 5.6704 0 0 0 0 0 0 0 9.75181 6.34193 0 3.73793 0 1.04398 0 0 8.15706 1.30968 8.8401 0 1.65911 0 0 7.64274 0 0 0 0 0 0 0 0 0 0 0 0 0 0 0 0 0 0 0 0
42: 0 0 0 8.84469 0 0 0 1.77544 0 0 5.82693 0 9.70512 0 2.4297 0 0 0 9.85523 0 6.43298 2.58916 4.77482 0 0 0 7.49413 0 0 0 0 2.01307 0 0 0 0 0 0 0 0 0 0 0 0 0 0 0 0 0 0
43: 0 8.5779 0 1.52642 0 9.08605 0 0 0 0 0 0 0 1.68858 0 0 0 0 6.79671 0 0 0 6.74732 8.86801 8.3277 6.61926 0 8.4163 0 0 0 0 0 0 5.17635 0 0 0 0 0 0 0 0 0 0 0 0 0 0 0
44: 7.32824 0 7.60348 9.44477 0 0 4.65072 0 0 0 0 9.87059 0 0 0 3.76752 0 0 0 0 4.03235 9.20345 1.33151 0 0 6.88147 0 0 0 0 0 4.43817 0 0 0 0 0 0 0 0 0 0 0 0 0 0 0 0 0 0
45: 6.75555 0 0 8.60189 3.28063 0 0 8.81871 3.05074 0 0 0 9.7911 0 5.64775 0 4.71605 0 3.25748 4.16673 8.33324 0 0 7.66421 0 0 0 0 0 0 0 0 0 0 0 0 0 0 0 0 0 0 0 0 0 0 0 0 0 0
46: 4.86177 0 0 0 0 3.89956 0 1.27838 0 5.18913 9.21805 0 6.57024 0 0 3.2969 0 5.0714 0 0 0 6.65086 0 0 2.18895 9.46194 0 0 0 0 0 0 0 0 0 0 0 0 0 0 0 0 0 0 0 0 0 0 0 0
47: 0 0 7.58554 0 0 0 0 0 0 0 5.04642 0 0 9.72134 0 9.21273 1.01925 0 0 0 0 0 0 0 5.75648 6.56196 9.00523 0 0 3.95263 1.03984 9.31816 0 0 0 0 0 0 0 0 0 0 0 0 0 0 0 0 0 0
48: 7.14103 8.90251 0 1.11141 0 0 0 2.83334 8.958 9.97797 0 0 0 0 9.05732 0 6.78266 1.71963 0 0 6.10231 0 0 0 0 0 0 7.38458 0 0 0 0 0 0 0 0 0 0 0 0 0 0 0 0 0 0 0 0 0 0
49: 9.15775 8.70395 0 0 0 0 0 0 0 0 0 0 6.71195 8.75353 9.34094 9.76753 0 0 1.43966 8.83387 5.86881 5.18007 2.81669 0 0 0 0 0 0 0 0 0 0 0 0 0 0 0 0 0 0 0 0 0 0 0 0 0 0 0

Neighbors of Each Node for Graph containing density of 0.4
-----------------------------------------
0: 2 3 4 5 7 8 9 10 11 12 13 16 17 18 19 21 23 24 25 26 28 35 44 45 46 48 49
1: 2 3 4 5 6 7 8 9 11 13 15 16 18 20 21 23 24 25 26 27 33 38 39 43 48 49
2: 0 1 3 4 5 6 7 9 10 11 12 13 14 15 18 20 21 24 28 29 31 32 33 35 36 37 38 44 47
3: 0 1 2 4 5 6 7 8 10 11 12 13 15 16 17 19 20 21 22 23 33 36 38 40 41 42 43 44 45 48
4: 0 1 2 3 5 7 8 9 10 11 12 14 15 16 17 18 19 20 21 22 24 26 27 31 32 33 34 35 38 39 40 45
5: 0 1 2 3 4 7 9 10 11 12 13 15 17 18 20 23 25 26 27 37 41 43 46
6: 1 2 3 7 8 9 11 12 16 17 18 19 20 21 22 24 25 29 30 31 32 34 39 41 44
7: 0 1 2 3 4 5 6 8 9 11 12 14 15 17 18 19 20 21 27 30 31 36 38 40 42 45 46 48
8: 0 1 3 4 6 7 9 10 12 16 17 19 22 24 30 32 33 35 36 39 40 45 48
9: 0 1 2 4 5 6 7 8 14 16 17 19 20 25 26 28 29 30 34 37 38 39 46 48
10: 0 2 3 4 5 8 12 13 16 17 18 19 21 22 25 27 32 33 36 40 42 46 47
11: 0 1 2 3 4 5 6 7 13 14 16 18 19 22 23 25 26 29 30 31 33 34 36 37 38 40 44
12: 0 2 3 4 5 6 7 8 10 14 16 17 21 22 23 25 27 30 35 38 40 42 45 46 49
13: 0 1 2 3 5 10 11 15 16 17 18 19 20 23 24 25 26 27 31 32 37 38 39 43 47 49
14: 2 4 7 9 11 12 15 16 20 21 23 24 25 28 33 34 39 40 41 42 45 48 49
15: 1 2 3 4 5 7 13 14 16 18 19 23 24 25 26 27 30 32 35 36 38 40 41 44 46 47 49
16: 0 1 3 4 6 8 9 10 11 12 13 14 15 20 21 22 25 27 28 29 30 31 32 33 38 40 45 47 48
17: 0 3 4 5 6 7 8 9 10 12 13 18 19 20 21 23 24 26 27 30 31 32 36 37 39 41 46 48
18: 0 1 2 4 5 6 7 10 11 13 15 17 19 21 28 29 30 32 37 39 42 43 45 49
19: 0 3 4 6 7 8 9 10 11 13 15 17 18 20 21 26 27 28 31 34 36 39 40 41 45 49
20: 1 2 3 4 5 6 7 9 13 14 16 17 19 22 23 24 25 26 27 30 33 35 37 39 42 44 45 48 49
21: 0 1 2 3 4 6 7 10 12 14 16 17 18 19 22 23 24 26 27 28 30 32 34 36 42 44 46 49
22: 3 4 6 8 10 11 12 16 20 21 23 24 26 32 33 36 41 42 43 44 49
23: 0 1 3 5 11 12 13 14 15 17 20 21 22 25 27 29 30 31 41 43 45
24: 0 1 2 4 6 8 13 14 15 17 20 21 22 28 30 31 41 43 46 47
25: 0 1 5 6 9 10 11 12 13 14 15 16 20 23 28 30 31 34 35 37 43 44 46 47
26: 0 1 4 5 9 11 13 15 17 19 20 21 22 27 28 29 34 35 36 37 41 42 47
27: 1 4 5 7 10 12 13 15 16 17 19 20 21 23 26 28 29 37 43 48
28: 0 2 9 14 16 18 19 21 24 25 26 27 30 31 33 35
29: 2 6 9 11 16 18 23 26 27 32 34 39 41 47
30: 6 7 8 9 11 12 15 16 17 18 20 21 23 24 25 28 34 47
31: 2 4 6 7 11 13 16 17 19 23 24 25 28 42 44 47
32: 2 4 6 8 10 13 15 16 17 18 21 22 29
33: 1 2 3 4 8 10 11 14 16 20 22 28 34
34: 4 6 9 11 14 19 21 25 26 29 30 33 43
35: 0 2 4 8 12 15 20 25 26 28 36
36: 2 3 7 8 10 11 15 17 19 21 22 26 35
37: 2 5 9 11 13 17 18 20 25 26 27
38: 1 2 3 4 7 9 11 12 13 15 16
39: 1 4 6 8 9 13 14 17 18 19 20 29
40: 3 4 7 8 10 11 12 14 15 16 19
41: 3 5 6 14 15 17 19 22 23 24 26 29
42: 3 7 10 12 14 18 20 21 22 26 31
43: 1 3 5 13 18 22 23 24 25 27 34
44: 0 2 3 6 11 15 20 21 22 25 31
45: 0 3 4 7 8 12 14 16 18 19 20 23
46: 0 5 7 9 10 12 15 17 21 24 25
47: 2 10 13 15 16 24 25 26 29 30 31
48: 0 1 3 7 8 9 14 16 17 20 27
49: 0 1 12 13 14 15 18 19 20 21 22
----------------------------------------------------------
Information for paths for Graph A containing density of 0.4
-----------------------------------------
1: 4 1
Path Length of 1: 5.44129
2: 11 18 2
Path Length of 2: 3.52483
3: 11 3
Path Length of 3: 3.06188
4: 4
Path Length of 4: 1.90665
5: 5
Path Length of 5: 1.58972
6: 11 18 6
Path Length of 6: 4.51933
7: 7
Path Length of 7: 1.84997
8: 11 30 8
Path Length of 8: 4.65263
9: 7 9
Path Length of 9: 3.51725
10: 11 18 10
Path Length of 10: 3.63167
11: 11
Path Length of 11: 1.04305
12: 12
Path Length of 12: 1.8147
13: 11 13
Path Length of 13: 2.50649
14: 4 14
Path Length of 14: 4.06824
15: 11 3 15
Path Length of 15: 4.21056
16: 16
Path Length of 16: 2.90732
17: 11 13 17
Path Length of 17: 4.00783
18: 11 18
Path Length of 18: 2.27255
19: 19
Path Length of 19: 3.65837
20: 11 13 20
Path Length of 20: 4.53899
21: 21
Path Length of 21: 3.71722
22: 11 22
Path Length of 22: 2.91909
23: 5 23
Path Length of 23: 5.2405
24: 11 13 24
Path Length of 24: 3.65457
25: 25
Path Length of 25: 4.38708
26: 4 34 26
Path Length of 26: 4.67188
27: 11 18 10 27
Path Length of 27: 5.11518
28: 11 30 28
Path Length of 28: 4.82215
29: 11 29
Path Length of 29: 2.06588
30: 11 30
Path Length of 30: 2.38091
31: 11 13 31
Path Length of 31: 4.27849
32: 11 13 32
Path Length of 32: 4.40869
33: 11 3 33
Path Length of 33: 4.75071
34: 4 34
Path Length of 34: 3.50904
35: 35
Path Length of 35: 5.01672
36: 11 36
Path Length of 36: 4.82866
37: 11 18 2 37
Path Length of 37: 4.67666
38: 11 38
Path Length of 38: 4.09478
39: 11 29 39
Path Length of 39: 4.01316
40: 4 40
Path Length of 40: 4.23422
41: 19 41
Path Length of 41: 4.70236
42: 7 42
Path Length of 42: 3.62541
43: 11 13 43
Path Length of 43: 4.19507
44: 11 22 44
Path Length of 44: 4.2506
45: 4 45
Path Length of 45: 5.18727
46: 7 46
Path Length of 46: 3.12835
47: 11 30 47
Path Length of 47: 3.42075
48: 11 3 48
Path Length of 48: 4.17328
49: 11 18 49
Path Length of 49: 3.71221

Average of Graph Paths: 3.75315
Average number of neighbors per node: 19
Total number of neighbors: 984
