Printing Graph with Density of 0.2
0: 0 8.39121 0 0 0 0 9.93593 0 0 0 0 8.18295 0 2.01218 9.26627 0 0 0 0 0 0 0 0 0 0 3.71722 0 0 0 9.94662 0 7.87375 0 0 2.89188 1.32797 0 0 0 0 0 0 0 7.39633 0 0 0 0 0 0
1: 8.39121 0 0 5.43994 0 0 7.85558 0 0 0 0 0 2.95514 0 0 0 0 0 8.14238 0 7.69577 0 0 0 0 4.04192 0 5.9869 0 0 0 1.87804 4.55417 0 0 0 0 0 0 0 5.24761 0 0 0 0 0 0 0 0 0
2: 0 0 0 0 0 0 0 9.79302 0 0 0 0 6.94108 0 9.84125 3.54406 0 6.64646 7.12258 0 0 2.24201 0 0 3.2766 0 0 0 0 0 3.23063 0 0 0 2.46585 0 0 0 0 0 0 0 0 0 0 0 3.9026 0 0 0
3: 0 5.43994 0 0 0 0 0 0 0 0 0 0 0 0 0 0 0 0 4.54231 0 0 0 0 2.79886 0 0 0 4.49754 0 0 0 9.10165 8.97398 0 3.15552 0 0 6.80095 0 0 0 0 0 0 2.20363 0 8.17628 8.48093 0 0
4: 0 0 0 0 0 0 1.07483 0 4.09895 0 0 0 0 0 4.61414 0 3.69147 0 7.92319 0 0 6.24562 0 0 3.62765 8.87978 0 0 1.11285 0 4.4628 0 0 5.62473 0 0 0 0 0 0 0 0 0 0 0 0 0 0 0 0
5: 0 0 0 0 0 0 0 0 0 0 3.087 0 4.79997 0 6.78863 0 0 0 0 0 7.42514 0 4.57284 0 0 0 0 5.63521 0 0 0 0 5.43511 8.77877 0 0 0 0 0 9.7469 0 0 6.101 0 0 7.64012 0 0 3.81409 0
6: 9.93593 7.85558 0 0 1.07483 0 0 0 0 9.78005 0 0 6.36383 0 2.78536 0 0 0 7.72598 0 5.25492 0 0 0 0 0 0 0 0 0 0 6.31553 0 7.92969 0 0 0 0 0 0 0 0 6.70027 0 0 0 0 0 0 0
7: 0 0 9.79302 0 0 0 0 0 1.62226 0 3.35645 0 1.84997 9.72853 0 0 9.16647 0 0 6.5237 0 0 0 0 0 0 0 0 2.51354 5.7074 2.44356 0 0 0 0 5.01782 0 0 0 0 0 0 0 0 0 0 0 0 0 0
8: 0 0 0 0 4.09895 0 0 1.62226 0 0 0 0 8.00015 6.29089 8.51732 0 2.11845 0 0 0 0 2.8536 0 1.62336 0 0 0 0 0 0 0 0 0 0 0 0 0 4.17331 8.48861 0 0 0 0 0 0 0 2.90965 0 0 0
9: 0 0 0 0 0 0 9.78005 0 0 0 6.52539 0 0 0 0 0 4.53268 3.81759 0 0 0 6.00472 4.49144 0 0 9.75906 0 1.66729 0 0 0 0 0 0 7.24206 0 9.91288 0 0 0 0 0 0 0 0 0 0 0 6.7535 0
10: 0 0 0 0 0 3.087 0 3.35645 0 6.52539 0 2.69048 3.91487 1.22261 0 0 2.39898 0 4.6836 0 0 3.57206 0 1.84735 0 0 0 0 0 0 0 0 9.11491 3.37939 0 0 0 9.34108 0 6.26605 0 6.48045 8.63466 0 0 2.98905 0 0 0 0
11: 8.18295 0 0 0 0 0 0 0 0 0 2.69048 0 0 0 9.52655 0 0 0 0 0 0 6.98073 4.33862 2.01882 4.55965 0 5.05029 9.24416 0 0 0 0 0 0 1.52829 0 0 0 0 0 0 1.59796 0 3.9647 0 0 1.83439 3.58216 0 0
12: 0 2.95514 6.94108 0 0 4.79997 6.36383 1.84997 8.00015 0 3.91487 0 0 0 3.99985 0 0 0 1.8147 0 0 0 0 0 0 0 1.09922 0 0 0 0 0 0 0 0 7.48365 0 6.749 0 0 0 0 0 7.41813 0 0 0 0 0 0
13: 2.01218 0 0 0 0 0 0 9.72853 6.29089 0 1.22261 0 0 0 0 0 0 4.55489 0 0 0 0 0 0 0 3.24699 0 9.80818 0 0 0 0 0 0 0 0 0 0 0 0 0 0 7.06084 7.27742 0 0 4.64771 0 5.67264 0
14: 9.26627 0 9.84125 0 4.61414 6.78863 2.78536 0 8.51732 0 0 9.52655 3.99985 0 0 0 0 3.95017 6.49796 0 0 0 0 0 0 6.54236 0 0 0 0 0 0 0 0 0 0 0 0 1.31652 0 8.05769 0 0 0 0 0 6.38762 5.20999 4.04856 2.84642
15: 0 0 3.54406 0 0 0 0 0 0 0 0 0 0 0 0 0 5.40389 4.02669 0 0 0 0 0 0 8.71101 6.57113 0 0 0 6.4031 0 9.81923 0 0 0 2.65437 0 0 0 0 0 9.86431 0 0 0 0 0 5.55402 5.76123 0
16: 0 0 0 0 3.69147 0 0 9.16647 2.11845 4.53268 2.39898 0 0 0 0 5.40389 0 0 8.32729 0 0 0 1.15607 9.06886 0 0 0 0 0 0 0 0 0 6.07405 0 0 0 0 0 0 0 0 0 1.03677 0 0 0 0 0 0
17: 0 0 6.64646 0 0 0 0 0 0 3.81759 0 0 0 4.55489 3.95017 4.02669 0 0 0 0 7.84789 0 0 0 0 0 0 0 0 9.78827 0 0 0 5.90491 0 0 6.821 4.62783 0 0 0 0 0 0 0 0 0 7.36738 0 0
18: 0 8.14238 7.12258 4.54231 7.92319 0 7.72598 0 0 0 4.6836 0 1.8147 0 6.49796 0 8.32729 0 0 0 0 0 0 0 0 0 6.73745 0 0 0 0 0 0 0 0 0 0 9.54917 0 5.0236 0 0 0 2.24678 0 0 0 0 0 0
19: 0 0 0 0 0 0 0 6.5237 0 0 0 0 0 0 0 0 0 0 0 0 0 8.84254 7.48613 7.25821 0 0 0 3.69874 0 0 0 0 0 0 0 0 3.25748 0 6.35699 0 0 0 0 0 0 9.05582 7.26929 2.25233 3.72222 0
20: 0 7.69577 0 0 0 7.42514 5.25492 0 0 0 0 0 0 0 0 0 0 7.84789 0 0 0 0 8.73125 1.09103 0 5.29237 0 0 0 9.63382 0 6.45344 0 0 0 0 0 0 0 0 4.37186 0 0 0 0 8.20552 0 0 0 0
21: 0 0 2.24201 0 6.24562 0 0 0 2.8536 6.00472 3.57206 6.98073 0 0 0 0 0 0 0 8.84254 0 0 2.3425 0 1.6242 6.37069 0 8.70014 0 0 0 7.89349 0 0 0 0 0 5.11503 0 0 0 0 0 0 0 0 0 0 4.48305 0
22: 0 0 0 0 0 4.57284 0 0 0 4.49144 0 4.33862 0 0 0 0 1.15607 0 0 7.48613 8.73125 2.3425 0 0 0 0 2.1004 7.70815 2.03768 0 0 8.70757 0 0 0 0 3.83441 0 0 0 0 0 0 0 0 0 0 0 0 0
23: 0 0 0 2.79886 0 0 0 0 1.62336 0 1.84735 2.01882 0 0 0 0 9.06886 0 0 7.25821 1.09103 0 0 0 5.61853 1.28911 2.3493 0 0 0 0 0 0 0 0 0 0 6.08773 0 0 0 0 0 0 0 9.93758 0 0 0 7.39111
24: 0 0 3.2766 0 3.62765 0 0 0 0 0 0 4.55965 0 0 0 8.71101 0 0 0 0 0 1.6242 0 5.61853 0 0 0 0 0 0 0 0 0 0 9.61042 0 0 0 0 0 0 0 7.00084 0 1.01992 6.44741 4.50079 6.45363 0 0
25: 3.71722 4.04192 0 0 8.87978 0 0 0 0 9.75906 0 0 0 3.24699 6.54236 6.57113 0 0 0 0 5.29237 6.37069 0 1.28911 0 0 0 0 0 0 0 0 0 0 0 1.65837 0 0 0 0 0 0 0 0 0 0 0 7.14281 0 0
26: 0 0 0 0 0 0 0 0 0 0 0 5.05029 1.09922 0 0 0 0 0 6.73745 0 0 0 2.1004 2.3493 0 0 0 0 5.33675 4.37595 0 0 8.80258 0 0 0 0 0 0 0 1.68375 0 0 0 0 7.2839 0 2.96983 0 1.97084
27: 0 5.9869 0 4.49754 0 5.63521 0 0 0 1.66729 0 9.24416 0 9.80818 0 0 0 0 0 3.69874 0 8.70014 7.70815 0 0 0 0 0 0 0 7.00832 0 0 0 0 0 0 3.98398 0 0 0 5.73867 0 0 0 0 0 0 0 0
28: 0 0 0 0 1.11285 0 0 2.51354 0 0 0 0 0 0 0 0 0 0 0 0 0 0 2.03768 0 0 0 5.33675 0 0 0 0 8.64817 4.33645 0 0 9.33215 0 9.66436 0 2.82774 5.564 0 0 0 0 0 0 0 4.64802 0
29: 9.94662 0 0 0 0 0 0 5.7074 0 0 0 0 0 0 0 6.4031 0 9.78827 0 0 9.63382 0 0 0 0 0 4.37595 0 0 0 0 0 0 0 0 2.21385 0 9.90856 0 0 8.42793 6.3364 0 0 0 3.25678 0 0 0 0
30: 0 0 3.23063 0 4.4628 0 0 2.44356 0 0 0 0 0 0 0 0 0 0 0 0 0 0 0 0 0 0 0 7.00832 0 0 0 0 0 0 0 0 0 0 0 4.60766 0 0 9.38681 0 1.02283 8.84469 0 0 0 2.02879
31: 7.87375 1.87804 0 9.10165 0 0 6.31553 0 0 0 0 0 0 0 0 9.81923 0 0 0 0 6.45344 7.89349 8.70757 0 0 0 0 0 8.64817 0 0 0 0 0 0 0 8.9072 0 0 0 0 0 0 0 0 0 0 2.27171 0 0
32: 0 4.55417 0 8.97398 0 5.43511 0 0 0 0 9.11491 0 0 0 0 0 0 0 0 0 0 0 0 0 0 0 8.80258 0 4.33645 0 0 0 0 0 3.6159 0 0 0 6.23119 0 0 7.71056 0 0 0 0 7.75854 0 0 9.29036
33: 0 0 0 0 5.62473 8.77877 7.92969 0 0 0 3.37939 0 0 0 0 0 6.07405 5.90491 0 0 0 0 0 0 0 0 0 0 0 0 0 0 0 0 0 9.26446 3.93208 0 0 0 0 8.7591 0 0 0 0 0 0 0 7.66421
34: 2.89188 0 2.46585 3.15552 0 0 0 0 0 7.24206 0 1.52829 0 0 0 0 0 0 0 0 0 0 0 0 9.61042 0 0 0 0 0 0 0 3.6159 0 0 0 0 0 0 0 4.67884 0 2.43815 0 0 1.498 0 0 0 0
35: 1.32797 0 0 0 0 0 0 5.01782 0 0 0 0 7.48365 0 0 2.65437 0 0 0 0 0 0 0 0 0 1.65837 0 0 9.33215 2.21385 0 0 0 9.26446 0 0 0 7.67608 0 0 0 0 0 4.96271 0 0 0 0 3.64992 0
36: 0 0 0 0 0 0 0 0 0 9.91288 0 0 0 0 0 0 0 6.821 0 3.25748 0 0 3.83441 0 0 0 0 0 0 0 0 8.9072 0 3.93208 0 0 0 0 1.90937 0 6.41408 0 0 0 0 0 0 8.79826 0 1.16284
37: 0 0 0 6.80095 0 0 0 0 4.17331 0 9.34108 0 6.749 0 0 0 0 4.62783 9.54917 0 0 5.11503 0 6.08773 0 0 0 3.98398 9.66436 9.90856 0 0 0 0 0 7.67608 0 0 0 0 0 5.70285 0 0 0 0 0 0 0 0
38: 0 0 0 0 0 0 0 0 8.48861 0 0 0 0 0 1.31652 0 0 0 0 6.35699 0 0 0 0 0 0 0 0 0 0 0 0 6.23119 0 0 0 1.90937 0 0 0 0 0 8.22142 0 8.45021 0 4.47926 0 0 0
39: 0 0 0 0 0 9.7469 0 0 0 0 6.26605 0 0 0 0 0 0 0 5.0236 0 0 0 0 0 0 0 0 0 2.82774 0 4.60766 0 0 0 0 0 0 0 0 0 0 0 1.15184 0 6.34193 0 1.52642 0 0 0
40: 0 5.24761 0 0 0 0 0 0 0 0 0 0 0 0 8.05769 0 0 0 0 0 4.37186 0 0 0 0 0 1.68375 0 5.564 8.42793 0 0 0 0 4.67884 0 6.41408 0 0 0 0 2.98894 0 6.30599 5.0667 0 0 0 0 0
41: 0 0 0 0 0 0 0 0 0 0 6.48045 1.59796 0 0 0 9.86431 0 0 0 0 0 0 0 0 0 0 0 5.73867 0 6.3364 0 0 7.71056 8.7591 0 0 0 5.70285 0 0 2.98894 0 0 0 0 5.08461 0 0 0 6.53324
42: 0 0 0 0 0 6.101 6.70027 0 0 0 8.63466 0 0 7.06084 0 0 0 0 0 0 0 0 0 0 7.00084 0 0 0 0 0 9.38681 0 0 0 2.43815 0 0 0 8.22142 1.15184 0 0 0 0 0 0 0 3.44081 0 0
43: 7.39633 0 0 0 0 0 0 0 0 0 0 3.9647 7.41813 7.27742 0 0 1.03677 0 2.24678 0 0 0 0 0 0 0 0 0 0 0 0 0 0 0 0 4.96271 0 0 0 0 6.30599 0 0 0 0 4.80601 0 3.12817 0 1.6282
44: 0 0 0 2.20363 0 0 0 0 0 0 0 0 0 0 0 0 0 0 0 0 0 0 0 0 1.01992 0 0 0 0 0 1.02283 0 0 0 0 0 0 0 8.45021 6.34193 5.0667 0 0 0 0 6.68498 0 0 0 1.30968
45: 0 0 0 0 0 7.64012 0 0 0 0 2.98905 0 0 0 0 0 0 0 0 9.05582 8.20552 0 0 9.93758 6.44741 0 7.2839 0 0 3.25678 8.84469 0 0 0 1.498 0 0 0 0 0 0 5.08461 0 4.80601 6.68498 0 0 0 0 0
46: 0 0 3.9026 8.17628 0 0 0 0 2.90965 0 0 1.83439 0 4.64771 6.38762 0 0 0 0 7.26929 0 0 0 0 4.50079 0 0 0 0 0 0 0 7.75854 0 0 0 0 0 4.47926 1.52642 0 0 0 0 0 0 0 0 0 0
47: 0 0 0 8.48093 0 0 0 0 0 0 0 3.58216 0 0 5.20999 5.55402 0 7.36738 0 2.25233 0 0 0 0 6.45363 7.14281 2.96983 0 0 0 0 2.27171 0 0 0 0 8.79826 0 0 0 0 0 3.44081 3.12817 0 0 0 0 9.44477 0
48: 0 0 0 0 0 3.81409 0 0 0 6.7535 0 0 0 5.67264 4.04856 5.76123 0 0 0 3.72222 0 4.48305 0 0 0 0 0 0 4.64802 0 0 0 0 0 0 3.64992 0 0 0 0 0 0 0 0 0 0 0 9.44477 0 1.24336
49: 0 0 0 0 0 0 0 0 0 0 0 0 0 0 2.84642 0 0 0 0 0 0 0 0 7.39111 0 0 1.97084 0 0 0 2.02879 0 9.29036 7.66421 0 0 1.16284 0 0 0 0 6.53324 0 1.6282 1.30968 0 0 0 1.24336 0

Neighbors of Each Node for Graph containing density of 0.2
-----------------------------------------
0: 1 6 11 13 14 25 29 31 34 35 43
1: 0 3 6 12 18 20 25 27 31 32 40
2: 7 12 14 15 17 18 21 24 30 34 46
3: 1 18 23 27 31 32 34 37 44 46 47
4: 6 8 14 16 18 21 24 25 28 30 33
5: 10 12 14 20 22 27 32 33 39 42 45 48
6: 0 1 4 9 12 14 18 20 31 33 42
7: 2 8 10 12 13 16 19 28 29 30 35
8: 4 7 12 13 14 16 21 23 37 38 46
9: 6 10 16 17 21 22 25 27 34 36 48
10: 5 7 9 11 12 13 16 18 21 23 32 33 37 39 41 42 45
11: 0 10 14 21 22 23 24 26 27 34 41 43 46 47
12: 1 2 5 6 7 8 10 14 18 26 35 37 43
13: 0 7 8 10 17 25 27 42 43 46 48
14: 0 2 4 5 6 8 11 12 17 18 25 38 40 46 47 48 49
15: 2 16 17 24 25 29 31 35 41 47 48
16: 4 7 8 9 10 15 18 22 23 33 43
17: 2 9 13 14 15 20 29 33 36 37 47
18: 1 2 3 4 6 10 12 14 16 26 37 39 43
19: 7 21 22 23 27 36 38 45 46 47 48
20: 1 5 6 17 22 23 25 29 31 40 45
21: 2 4 8 9 10 11 19 22 24 25 27 31 37 48
22: 5 9 11 16 19 20 21 26 27 28 31 36
23: 3 8 10 11 16 19 20 24 25 26 37 45 49
24: 2 4 11 15 21 23 34 42 44 45 46 47
25: 0 1 4 9 13 14 15 20 21 23 35 47
26: 11 12 18 22 23 28 29 32 40 45 47 49
27: 1 3 5 9 11 13 19 21 22 30 37 41
28: 4 7 22 26 31 32 35 37 39 40 48
29: 0 7 15 17 20 26 35 37 40 41 45
30: 2 4 7 27 39 42 44 45 49
31: 0 1 3 6 15 20 21 22 28 36 47
32: 1 3 5 10 26 28 34 38 41 46 49
33: 4 5 6 10 16 17 35 36 41 49
34: 0 2 3 9 11 24 32 40 42 45
35: 0 7 12 15 25 28 29 33 37 43 48
36: 9 17 19 22 31 33 38 40 47 49
37: 3 8 10 12 17 18 21 23 27 28 29 35 41
38: 8 14 19 32 36 42 44 46
39: 5 10 18 28 30 42 44 46
40: 1 14 20 26 28 29 34 36 41 43 44
41: 10 11 15 27 29 32 33 37 40 45 49
42: 5 6 10 13 24 30 34 38 39 47
43: 0 11 12 13 16 18 35 40 45 47 49
44: 3 24 30 38 39 40 45 49
45: 5 10 19 20 23 24 26 29 30 34 41 43 44
46: 2 3 8 11 13 14 19 24 32 38 39
47: 3 11 14 15 17 19 24 25 26 31 36 42 43 48
48: 5 9 13 14 15 19 21 28 35 47 49
49: 14 23 26 30 32 33 36 41 43 44 48
----------------------------------------------------------
Information for paths for Graph A containing density of 0.2
-----------------------------------------
1: 35 25 1
Path Length of 1: 7.02825
2: 34 2
Path Length of 2: 5.35773
3: 34 3
Path Length of 3: 6.0474
4: 13 10 16 4
Path Length of 4: 9.32523
5: 13 10 5
Path Length of 5: 6.32178
6: 6
Path Length of 6: 9.93593
7: 35 7
Path Length of 7: 6.34579
8: 35 25 23 8
Path Length of 8: 5.89881
9: 13 10 9
Path Length of 9: 9.76017
10: 13 10
Path Length of 10: 3.23479
11: 34 11
Path Length of 11: 4.42017
12: 13 10 12
Path Length of 12: 7.14966
13: 13
Path Length of 13: 2.01218
14: 35 48 14
Path Length of 14: 9.02645
15: 35 15
Path Length of 15: 3.98234
16: 13 10 16
Path Length of 16: 5.63377
17: 13 17
Path Length of 17: 6.56707
18: 13 10 18
Path Length of 18: 7.91839
19: 35 48 19
Path Length of 19: 8.70011
20: 35 25 23 20
Path Length of 20: 5.36648
21: 13 10 21
Path Length of 21: 6.80685
22: 13 10 16 22
Path Length of 22: 6.78984
23: 35 25 23
Path Length of 23: 4.27545
24: 13 10 21 24
Path Length of 24: 8.43105
25: 35 25
Path Length of 25: 2.98634
26: 35 25 23 26
Path Length of 26: 6.62475
27: 34 3 27
Path Length of 27: 10.5449
28: 13 10 16 22 28
Path Length of 28: 8.82752
29: 35 29
Path Length of 29: 3.54182
30: 35 48 49 30
Path Length of 30: 8.25004
31: 31
Path Length of 31: 7.87375
32: 34 32
Path Length of 32: 6.50778
33: 13 10 33
Path Length of 33: 6.61418
34: 34
Path Length of 34: 2.89188
35: 35
Path Length of 35: 1.32797
36: 35 48 49 36
Path Length of 36: 7.3841
37: 35 37
Path Length of 37: 9.00405
38: 35 48 49 36 38
Path Length of 38: 9.29347
39: 34 42 39
Path Length of 39: 6.48187
40: 34 40
Path Length of 40: 7.57072
41: 34 11 41
Path Length of 41: 6.01813
42: 34 42
Path Length of 42: 5.33003
43: 35 43
Path Length of 43: 6.29069
44: 35 48 49 44
Path Length of 44: 7.53093
45: 34 45
Path Length of 45: 4.38988
46: 34 11 46
Path Length of 46: 6.25456
47: 34 11 47
Path Length of 47: 8.00233
48: 35 48
Path Length of 48: 4.97789
49: 35 48 49
Path Length of 49: 6.22125

Average of Graph Paths: 6.47095
Average number of neighbors per node: 11
Total number of neighbors: 572
Printing Graph with density of 0.4
0: 0 0 3.54406 3.7735 9.40826 9.93593 1.62226 0 0 0 8.18295 1.04305 6.75787 0 0 7.84789 2.90732 0 7.66583 0 0 3.71722 0 8.85186 9.94662 0 7.87375 0 0 2.89188 1.32797 0 2.51657 0 2.23256 0 0 0 7.39633 0 0 0 0 0 0 8.39121 0 0 0 0
1: 0 0 0 8.28761 0 3.69849 2.95514 2.8536 1.66729 0 0 0 8.14238 0 4.68553 0 0 6.05402 5.74634 0 6.33541 9.6847 4.55417 7.54259 9.34744 0 0 0 5.24761 5.76858 0 0 0 0 0 0 0 0 0 0 0 0 0 0 9.79302 7.11568 8.70288 6.94108 0 9.84125
2: 3.54406 0 0 0 7.12258 0 0 2.24201 7.86179 3.2766 0 0 0 0 1.4315 5.8965 0 1.29942 8.89628 3.45478 0 5.41271 0 0 0 0 0 3.9026 0 0 0 2.16862 0 7.46623 6.61092 0 4.47139 8.34192 0 5.12647 9.19508 0 0 4.54231 0 9.25406 0 2.79886 0 0
3: 3.7735 8.28761 0 0 9.10165 8.97398 0 3.15552 0 0 6.80095 0 0 0 7.12366 0 2.20363 0 8.17628 8.48093 6.90202 0 0 9.94181 7.86638 3.19724 4.09895 9.71776 6.45335 2.70915 0 0 3.69147 0 7.92319 0 0 6.24562 0 2.1616 8.62399 5.51777 1.11285 1.88829 4.19814 0 5.62473 0 0 4.61368
4: 9.40826 0 7.12258 9.10165 0 3.99705 0 0 9.66698 7.72214 3.86409 0 0 0 0 0 1.58972 7.34251 4.79997 0 6.78863 0 0 5.55327 0 7.42514 0 4.57284 8.72289 0 0 5.63521 0 8.34505 2.54906 0 8.77877 6.54645 0 9.5192 9.7469 0 0 6.101 0 2.08584 0 8.40573 3.81409 0
5: 9.93593 3.69849 0 8.97398 3.99705 0 2.08344 3.81007 0 8.04264 3.27541 2.55847 0 0 0 0 5.30196 7.72598 0 5.25492 0 0 0 0 9.16398 8.6328 3.94063 0 0 7.92969 0 0 0 7.98808 0 0 0 6.70027 0 3.92795 0 0 0 0 3.99105 0 0 0 5.13043 0
6: 1.62226 2.95514 0 0 0 2.08344 0 0 7.52415 0 0 6.5237 0 0 0 0 8.11092 5.04057 0 7.40693 0 0 5.22114 5.01782 0 2.93598 8.25806 0 0 5.86227 0 5.88576 0 8.21587 0 8.96448 0 9.32388 0 0 0 0 0 8.00015 6.29089 0 1.99971 9.76524 0 0
7: 0 2.8536 2.24201 3.15552 0 3.81007 0 0 0 7.72091 7.08757 9.68457 0 0 3.33126 4.17331 8.48861 3.98219 0 2.21125 0 8.54434 0 2.90965 0 0 0 7.94607 0 0 0 1.45563 0 0 0 1.29138 0 0 0 0 0 9.27447 3.81759 0 8.27253 0 0 0 0 9.75906
8: 0 1.66729 7.86179 0 9.66698 0 7.52415 0 0 9.34108 3.9647 9.91288 3.99617 0 0 9.31817 0 0 0 0 0 6.7535 0 0 0 1.74836 0 0 0 3.35645 0 0 0 2.69048 3.91487 1.22261 0 2.27832 3.7271 4.6836 0 0 3.57206 0 1.84735 2.81228 0 0 0 0
9: 0 0 3.2766 0 7.72214 8.04264 0 7.72091 9.34108 0 6.26605 0 6.48045 8.63466 0 0 2.98905 0 0 0 0 0 0 0 9.95297 0 0 4.26624 0 0 0 8.66526 9.52655 4.46391 7.4653 0 0 6.98073 4.33862 2.01882 4.55965 1.25168 0 9.24416 0 0 0 0 0 1.46343
10: 8.18295 0 0 6.80095 3.86409 3.27541 0 7.08757 3.9647 6.26605 0 1.83439 3.58216 0 0 0 0 4.37522 0 2.2835 0 0 0 0 3.9904 8.70864 3.99985 0 3.27331 1.8147 0 6.20343 3.85266 0 2.72338 4.53047 0 0 0 0 0 0 0 7.48365 0 6.749 5.18104 0 0 0
11: 1.04305 0 0 0 0 2.55847 6.5237 9.68457 9.91288 0 1.83439 0 0 9.27206 0 8.02113 0 0 3.50144 1.01342 2.81798 0 0 0 0 8.47658 3.24699 0 9.80818 0 7.14319 0 0 0 0 9.55963 0 0 0 0 0 7.06084 7.27742 8.00047 4.64771 1.76529 0 0 9.26627 6.228
12: 6.75787 8.14238 0 0 0 0 0 0 3.99617 6.48045 3.58216 0 0 3.56316 3.95017 6.49796 0 5.7427 0 9.73424 4.8069 6.54236 0 0 3.98398 0 0 0 0 0 0 0 0 0 1.31652 1.70122 0 0 0 5.65125 2.06102 0 5.20999 4.04856 2.84642 0 0 8.67825 0 0
13: 0 0 0 0 0 0 0 0 0 8.63466 0 9.27206 3.56316 0 0 0 1.25228 0 6.53871 6.57113 1.87604 3.86762 0 0 9.81923 0 3.25678 9.75411 0 0 0 0 0 9.86431 6.37296 0 0 0 5.55402 5.76123 0 0 0 4.37063 7.56451 6.94456 9.16647 1.89326 6.99102 0
14: 0 4.68553 1.4315 7.12366 0 0 0 3.33126 0 0 0 0 3.95017 0 0 0 0 9.11861 8.0546 0 1.3301 0 7.9455 0 5.78443 0 6.97404 1.87804 0 1.03677 9.99947 6.65238 0 5.70285 0 0 6.80509 0 0 0 0 0 0 0 9.23918 0 1.17799 8.97533 3.8087 0
15: 7.84789 0 5.8965 0 0 0 0 4.17331 9.31817 0 0 8.02113 6.49796 0 0 0 6.821 4.62783 0 4.49144 0 0 6.11244 3.65997 0 0 1.50135 0 0 0 0 9.30937 4.43341 4.95245 8.86603 0 0 4.56756 0 5.9617 4.34108 8.32729 0 3.06187 0 0 0 0 0 0
16: 2.90732 0 0 2.20363 1.58972 5.30196 8.11092 8.48861 0 2.98905 0 0 0 1.25228 0 6.821 0 2.24678 0 0 0 7.50437 1.65837 0 0 0 8.41818 0 6.47957 9.94449 0 0 6.11905 0 2.19491 0 0 0 0 9.57788 2.88023 8.84254 0 7.25821 0 0 0 0 0 0
17: 0 6.05402 1.29942 0 7.34251 7.72598 5.04057 3.98219 0 0 4.37522 0 5.7427 0 9.11861 4.62783 2.24678 0 1.96027 3.6499 2.24339 0 6.85808 0 0 7.27631 0 0 0 0 2.63013 0 4.39577 9.88225 4.76232 0 0 3.65729 0 5.29237 0 0 0 9.63382 1.42319 0 0 0 0 2.88005
18: 7.66583 5.74634 8.89628 8.17628 4.79997 0 0 0 0 0 0 3.50144 0 6.53871 8.0546 0 0 1.96027 0 0 0 2.03251 0 0 0 8.17358 0 0 9.10708 0 0 9.18192 2.3425 2.17443 1.80577 0 0 8.70014 0 0 0 7.89349 5.83624 0 6.25712 5.11503 0 5.05849 0 0
19: 0 0 3.45478 8.48093 0 5.25492 7.40693 2.21125 0 0 2.2835 1.01342 9.73424 6.57113 0 4.49144 0 3.6499 0 0 0 0 6.76709 0 7.48613 8.73125 0 4.02794 0 0 2.1004 7.70815 2.03768 0 0 8.70757 5.74343 0 2.38275 8.67629 0 0 0 0 6.77137 0 0 0 0 0
20: 0 6.33541 0 6.90202 6.78863 0 0 0 0 0 0 2.81798 4.8069 1.87604 1.3301 0 0 2.24339 0 0 0 0 0 5.61853 1.28911 2.3493 0 9.21983 0 2.23133 7.18353 0 0 0 6.08773 0 0 9.4146 0 0 0 9.93758 3.41586 0 7.39111 0 0 7.45917 0 6.40641
21: 3.71722 9.6847 5.41271 0 0 0 0 8.54434 6.7535 0 0 0 6.54236 3.86762 0 0 7.50437 0 2.03251 0 0 0 6.82887 0 0 9.61042 0 5.18393 9.57528 9.1185 7.00084 0 1.01992 6.44741 4.50079 6.45363 0 3.29624 4.04192 0 0 8.87978 0 7.83449 0 4.12995 0 9.0011 0 2.32437
22: 0 4.55417 0 0 0 0 5.22114 0 0 0 0 0 0 0 7.9455 6.11244 1.65837 6.85808 0 6.76709 0 6.82887 0 0 0 0 8.70874 0 7.14281 0 6.58613 0 0 4.38492 1.26003 5.80303 1.97876 0 1.79584 5.6704 0 4.38708 1.64216 2.44689 0 0 7.12927 0 0 0
23: 8.85186 7.54259 0 9.94181 5.55327 0 5.01782 2.90965 0 0 0 0 0 0 0 3.65997 0 0 0 0 5.61853 0 0 0 7.2839 0 2.96983 0 1.97084 1.75236 0 9.96872 4.85869 8.13478 0 0 3.17729 1.91002 4.45978 0 9.5155 0 0 0 3.69874 7.64574 0 0 0 0
24: 9.94662 9.34744 0 7.86638 0 9.16398 0 0 0 9.95297 3.9904 0 3.98398 9.81923 5.78443 0 0 0 0 7.48613 1.28911 0 0 7.2839 0 5.49752 0 0 0 0 0 2.51354 0 0 0 1.78028 0 8.84844 0 3.50182 0 8.0084 6.96013 0 0 3.5316 4.04979 0 8.64817 0
25: 0 0 0 3.19724 7.42514 8.6328 2.93598 0 1.74836 0 8.70864 8.47658 0 0 0 0 0 7.27631 8.17358 8.73125 2.3493 9.61042 0 0 5.49752 0 5.86055 2.50049 7.97205 0 0 5.34056 0 0 2.69908 0 0 0 2.96642 0 0 0 1.88917 0 0 6.40348 0 0 0 0
26: 7.87375 0 0 4.09895 0 3.94063 8.25806 0 0 0 3.99985 3.24699 0 3.25678 6.97404 1.50135 8.41818 0 0 0 0 0 8.70874 2.96983 0 5.86055 0 4.52032 4.05837 0 4.31325 7.24222 0 0 0 0 4.92723 0 6.50922 0 0 0 7.03833 0 0 5.38194 0 0 0 0
27: 0 0 3.9026 9.71776 4.57284 0 0 7.94607 0 4.26624 0 0 0 9.75411 1.87804 0 0 0 0 4.02794 9.21983 5.18393 0 0 0 2.50049 4.52032 0 3.56629 7.37287 7.12579 0 4.95182 0 0 0 0 1.94728 0 7.64274 5.42219 7.92429 0 0 8.59424 0 0 0 0 0
28: 0 5.24761 0 6.45335 8.72289 0 0 0 0 0 3.27331 9.80818 0 0 0 0 6.47957 0 9.10708 0 0 9.57528 7.14281 1.97084 0 7.97205 4.05837 3.56629 0 2.95005 0 4.33645 9.80138 0 0 0 0 4.59493 1.31713 0 0 0 7.71056 3.21822 0 0 7.75854 0 2.7274 0
29: 2.89188 5.76858 0 2.70915 0 7.92969 5.86227 0 3.35645 0 1.8147 0 0 0 1.03677 0 9.94449 0 0 0 2.23133 9.1185 0 1.75236 0 0 0 7.37287 2.95005 0 0 3.93208 0 0 0 3.90439 3.00359 0 0 0 0 0 7.23962 0 0 2.37679 0 4.95949 0 3.48994
30: 1.32797 0 0 0 0 0 0 0 0 0 0 7.14319 0 0 9.99947 0 0 2.63013 0 2.1004 7.18353 7.00084 6.58613 0 0 0 4.31325 7.12579 0 0 0 2.43815 0 0 1.498 7.95995 6.87327 0 0 0 8.69585 3.5283 0 6.40415 4.22315 3.68258 1.68884 4.23356 0 0
31: 0 0 2.16862 0 5.63521 0 5.88576 1.45563 0 8.66526 6.20343 0 0 0 6.65238 9.30937 0 0 9.18192 7.70815 0 0 0 9.96872 2.51354 5.34056 7.24222 0 4.33645 3.93208 2.43815 0 0 9.0239 0 0 2.03209 5.93851 0 0 0 0 0 3.95042 0 0 0 0 1.60239 0
32: 2.51657 0 0 3.69147 0 0 0 0 0 9.52655 3.85266 0 0 0 0 4.43341 6.11905 4.39577 2.3425 2.03768 0 1.01992 0 4.85869 0 0 0 4.95182 9.80138 0 0 0 0 8.21431 8.49637 0 6.45657 2.65997 4.66005 0 0 0 0 9.28927 1.55412 0 0 0 3.50941 0
33: 0 0 7.46623 0 8.34505 7.98808 8.21587 0 2.69048 4.46391 0 0 0 9.86431 5.70285 4.95245 0 9.88225 2.17443 0 0 6.44741 4.38492 8.13478 0 0 0 0 0 0 0 9.0239 8.21431 0 0 0 1.85958 0 0 0 0 1.63275 0 0 0 3.09088 0 0 6.53316 9.2776
34: 2.23256 0 6.61092 7.92319 2.54906 0 0 0 3.91487 7.4653 2.72338 0 1.31652 6.37296 0 8.86603 2.19491 4.76232 1.80577 0 6.08773 4.50079 1.26003 0 0 2.69908 0 0 0 0 1.498 0 8.49637 0 0 0 0 0 0 8.43653 0 0 0 0 0 0 6.38749 4.60766 3.08074 8.40046
35: 0 0 0 0 0 0 8.96448 1.29138 1.22261 0 4.53047 9.55963 1.70122 0 0 0 0 0 0 8.70757 0 6.45363 5.80303 0 1.78028 0 0 0 0 3.90439 7.95995 0 0 0 0 0 0 9.14487 6.97963 7.22621 0 8.42793 3.04309 3.76077 4.67884 9.44008 0 5.41261 2.52996 8.72357
36: 0 0 4.47139 0 8.77877 0 0 0 0 0 0 0 0 0 6.80509 0 0 0 0 5.74343 0 0 1.97876 3.17729 0 0 4.92723 0 0 3.00359 6.87327 2.03209 6.45657 1.85958 0 0 0 5.0268 8.7591 7.19044 0 0 9.44477 0 2.1916 9.47902 9.00523 8.80224 0 5.08461
37: 0 0 8.34192 6.24562 6.54645 6.70027 9.32388 0 2.27832 6.98073 0 0 0 0 0 4.56756 0 3.65729 8.70014 0 9.4146 3.29624 0 1.91002 8.84844 0 0 1.94728 4.59493 0 0 5.93851 2.65997 0 0 9.14487 5.0268 0 7.95923 0 0 0 0 0 5.31054 5.27639 0 3.44081 0 0
38: 7.39633 0 0 0 0 0 0 0 3.7271 4.33862 0 0 0 5.55402 0 0 0 0 0 2.38275 0 4.04192 1.79584 4.45978 0 2.96642 6.50922 0 1.31713 0 0 0 4.66005 0 0 6.97963 8.7591 7.95923 0 6.30599 0 8.17273 0 4.80601 0 9.64193 0 8.23999 8.94848 5.1201
39: 0 0 5.12647 2.1616 9.5192 3.92795 0 0 4.6836 2.01882 0 0 5.65125 5.76123 0 5.9617 9.57788 5.29237 0 8.67629 0 0 5.6704 0 3.50182 0 0 7.64274 0 0 0 0 0 0 8.43653 7.22621 7.19044 0 6.30599 0 0 8.15706 1.30968 8.8401 0 1.65911 9.94517 6.65324 4.47896 0
40: 0 0 9.19508 8.62399 9.7469 0 0 0 0 4.55965 0 0 2.06102 0 0 4.34108 2.88023 0 0 0 0 0 0 9.5155 0 0 0 5.42219 0 0 8.69585 0 0 0 0 0 0 0 0 0 0 5.05104 6.43298 2.58916 7.74432 2.80358 2.73902 0 0 7.49413
41: 0 0 0 5.51777 0 0 0 9.27447 0 1.25168 0 7.06084 0 0 0 8.32729 8.84254 0 7.89349 0 9.93758 8.87978 4.38708 0 8.0084 0 0 7.92429 0 0 3.5283 0 0 1.63275 0 8.42793 0 0 8.17273 8.15706 5.05104 0 0 0 1.1527 0 3.21246 0 0 6.74732
42: 0 0 0 1.11285 0 0 0 3.81759 3.57206 0 0 7.27742 5.20999 0 0 0 0 0 5.83624 0 3.41586 0 1.64216 0 6.96013 1.88917 7.03833 0 7.71056 7.23962 0 0 0 0 0 3.04309 9.44477 0 0 1.30968 6.43298 0 0 0 0 0 0 0 0 2.99633
43: 0 0 4.54231 1.88829 6.101 0 8.00015 0 0 9.24416 7.48365 8.00047 4.04856 4.37063 0 3.06187 7.25821 9.63382 0 0 0 7.83449 2.44689 0 0 0 0 0 3.21822 0 6.40415 3.95042 9.28927 0 0 3.76077 0 0 4.80601 8.8401 2.58916 0 0 0 0 0 6.35718 0 8.81871 3.05074
44: 0 9.79302 0 4.19814 0 3.99105 6.29089 8.27253 1.84735 0 0 4.64771 2.84642 7.56451 9.23918 0 0 1.42319 6.25712 6.77137 7.39111 0 0 3.69874 0 0 0 8.59424 0 0 4.22315 0 1.55412 0 0 4.67884 2.1916 5.31054 0 0 7.74432 1.1527 0 0 0 0 0 0 0 0 
45: 8.39121 7.11568 9.25406 0 2.08584 0 0 0 2.81228 0 6.749 1.76529 0 6.94456 0 0 0 0 5.11503 0 0 4.12995 0 7.64574 3.5316 6.40348 5.38194 0 0 2.37679 3.68258 0 0 3.09088 0 9.44008 9.47902 5.27639 9.64193 1.65911 2.80358 0 0 0 0 0 0 0 0 0
46: 0 8.70288 0 5.62473 0 0 1.99971 0 0 0 5.18104 0 0 9.16647 1.17799 0 0 0 0 0 0 0 7.12927 0 4.04979 0 0 0 7.75854 0 1.68884 0 0 0 6.38749 0 9.00523 0 0 9.94517 2.73902 3.21246 0 6.35718 0 0 0 0 2.73879 7.46581
47: 0 6.94108 2.79886 0 8.40573 0 9.76524 0 0 0 0 0 8.67825 1.89326 8.97533 0 0 0 5.05849 0 7.45917 9.0011 0 0 0 0 0 0 0 4.95949 4.23356 0 0 0 4.60766 5.41261 8.80224 3.44081 8.23999 6.65324 0 0 0 0 0 0 0 0 0 2.09363
48: 0 0 0 0 3.81409 5.13043 0 0 0 0 0 9.26627 0 6.99102 3.8087 0 0 0 0 0 0 0 0 0 8.64817 0 0 0 2.7274 0 0 1.60239 3.50941 6.53316 3.08074 2.52996 0 0 8.94848 4.47896 0 0 0 8.81871 0 0 2.73879 0 0 0
49: 0 9.84125 0 4.61368 0 0 0 9.75906 0 1.46343 0 6.228 0 0 0 0 0 2.88005 0 0 6.40641 2.32437 0 0 0 0 0 0 0 3.48994 0 0 0 9.2776 8.40046 8.72357 5.08461 0 5.1201 0 7.49413 6.74732 2.99633 3.05074 0 0 7.46581 2.09363 0 0

Neighbors of Each Node for Graph containing density of 0.4
-----------------------------------------
0: 2 3 4 5 6 10 11 12 15 16 18 21 23 24 26 29 30 32 34 38 45
1: 3 5 6 7 8 12 14 17 18 20 21 22 23 24 28 29 44 45 46 47 49
2: 0 4 7 8 9 14 15 17 18 19 21 27 31 33 34 36 37 39 40 43 45 47
3: 0 1 4 5 7 10 14 16 18 19 20 23 24 25 26 27 28 29 32 34 37 39 40 41 42 43 44 46 49
4: 0 2 3 5 8 9 10 16 17 18 20 23 25 27 28 31 33 34 36 37 39 40 43 45 47 48
5: 0 1 3 4 6 7 9 10 11 16 17 19 24 25 26 29 33 37 39 44 48
6: 0 1 5 8 11 16 17 19 22 23 25 26 29 31 33 35 37 43 44 46 47
7: 1 2 3 5 9 10 11 14 15 16 17 19 21 23 27 31 35 41 42 44 49
8: 1 2 4 6 9 10 11 12 15 21 25 29 33 34 35 37 38 39 42 44 45
9: 2 4 5 7 8 10 12 13 16 24 27 31 32 33 34 37 38 39 40 41 43 49
10: 0 3 4 5 7 8 9 11 12 17 19 24 25 26 28 29 31 32 34 35 43 45 46
11: 0 5 6 7 8 10 13 15 18 19 20 25 26 28 30 35 41 42 43 44 45 48 49
12: 0 1 8 9 10 13 14 15 17 19 20 21 24 34 35 39 40 42 43 44 47
13: 9 11 12 16 18 19 20 21 24 26 27 33 34 38 39 43 44 45 46 47 48
14: 1 2 3 7 12 17 18 20 22 24 26 27 29 30 31 33 36 44 46 47 48
15: 0 2 7 8 11 12 16 17 19 22 23 26 31 32 33 34 37 39 40 41 43
16: 0 3 4 5 6 7 9 13 15 17 21 22 26 28 29 32 34 39 40 41 43
17: 1 2 4 5 6 7 10 12 14 15 16 18 19 20 22 25 30 32 33 34 37 39 43 44 49
18: 0 1 2 3 4 11 13 14 17 21 25 28 31 32 33 34 37 41 42 44 45 47
19: 2 3 5 6 7 10 11 12 13 15 17 22 24 25 27 30 31 32 35 36 38 39 44
20: 1 3 4 11 12 13 14 17 23 24 25 27 29 30 34 37 41 42 44 47 49
21: 0 1 2 7 8 12 13 16 18 22 25 27 28 29 30 32 33 34 35 37 38 41 43 45 47 49
22: 1 6 14 15 16 17 19 21 26 28 30 33 34 35 36 38 39 41 42 43 46
23: 0 1 3 4 6 7 15 20 24 26 28 29 31 32 33 36 37 38 40 44 45
24: 0 1 3 5 9 10 12 13 14 19 20 23 25 31 35 37 39 41 42 45 46 48
25: 3 4 5 6 8 10 11 17 18 19 20 21 24 26 27 28 31 34 38 42 45
26: 0 3 5 6 10 11 13 14 15 16 22 23 25 27 28 30 31 36 38 42 45
27: 2 3 4 7 9 13 14 19 20 21 25 26 28 29 30 32 37 39 40 41 44
28: 1 3 4 10 11 16 18 21 22 23 25 26 27 29 31 32 37 38 42 43 46 48
29: 0 1 3 5 6 8 10 14 16 20 21 23 27 28 31 35 36 42 45 47 49
30: 0 11 14 17 19 20 21 22 26 27 31 34 35 36 40 41 43 44 45 46 47
31: 2 4 6 7 9 10 14 15 18 19 23 24 25 26 28 29 30 33 36 37 43 48
32: 0 3 9 10 15 16 17 18 19 21 23 27 28 33 34 36 37 38 43 44 48
33: 2 4 5 6 8 9 13 14 15 17 18 21 22 23 31 32 36 41 45 48 49
34: 0 2 3 4 8 9 10 12 13 15 16 17 18 20 21 22 25 30 32 39 46 47 48 49
35: 6 7 8 10 11 12 19 21 22 24 29 30 37 38 39 41 42 43 44 45 47 48 49
36: 2 4 14 19 22 23 26 29 30 31 32 33 37 38 39 42 44 45 46 47 49
37: 2 3 4 5 6 8 9 15 17 18 20 21 23 24 27 28 31 32 35 36 38 44 45 47
38: 0 8 9 13 19 21 22 23 25 26 28 32 35 36 37 39 41 43 45 47 48 49
39: 2 3 4 5 8 9 12 13 15 16 17 19 22 24 27 34 35 36 38 41 42 43 45 46 47 48
40: 2 3 4 9 12 15 16 23 27 30 41 42 43 44 45 46 49
41: 3 7 9 11 15 16 18 20 21 22 24 27 30 33 35 38 39 40 44 46 49
42: 3 7 8 11 12 18 20 22 24 25 26 28 29 35 36 39 40 49
43: 2 3 4 6 9 10 11 12 13 15 16 17 21 22 28 30 31 32 35 38 39 40 46 48 49
44: 1 3 5 6 7 8 11 12 13 14 17 18 19 20 23 27 30 32 35 36 37 40 41
45: 0 1 2 4 8 10 11 13 18 21 23 24 25 26 29 30 33 35 36 37 38 39 40
46: 1 3 6 10 13 14 22 24 28 30 34 36 39 40 41 43 48 49
47: 1 2 4 6 12 13 14 18 20 21 29 30 34 35 36 37 38 39 49
48: 4 5 11 13 14 24 28 31 32 33 34 35 38 39 43 46
49: 1 3 7 9 11 17 20 21 29 33 34 35 36 38 40 41 42 43 46 47
----------------------------------------------------------
Information for paths for Graph A containing density of 0.4
-----------------------------------------
1: 6 1
Path Length of 1: 4.5774
2: 2
Path Length of 2: 3.54406
3: 3
Path Length of 3: 3.7735
4: 16 4
Path Length of 4: 4.49704
5: 11 5
Path Length of 5: 3.60152
6: 6
Path Length of 6: 1.62226
7: 11 19 7
Path Length of 7: 4.26772
8: 11 45 8
Path Length of 8: 5.62062
9: 16 9
Path Length of 9: 5.89637
10: 11 10
Path Length of 10: 2.87745
11: 11
Path Length of 11: 1.04305
12: 34 12
Path Length of 12: 3.54909
13: 16 13
Path Length of 13: 4.1596
14: 29 14
Path Length of 14: 3.92866
15: 11 26 15
Path Length of 15: 5.79139
16: 16
Path Length of 16: 2.90732
17: 30 17
Path Length of 17: 3.9581
18: 34 18
Path Length of 18: 4.03834
19: 11 19
Path Length of 19: 2.05647
20: 11 20
Path Length of 20: 3.86103
21: 32 21
Path Length of 21: 3.53648
22: 34 22
Path Length of 22: 3.49259
23: 29 23
Path Length of 23: 4.64424
24: 11 20 24
Path Length of 24: 5.15014
25: 6 25
Path Length of 25: 4.55824
26: 11 26
Path Length of 26: 4.29004
27: 29 14 27
Path Length of 27: 5.8067
28: 11 19 38 28
Path Length of 28: 5.75635
29: 29
Path Length of 29: 2.89188
30: 30
Path Length of 30: 1.32797
31: 30 31
Path Length of 31: 3.76612
32: 32
Path Length of 32: 2.51657
33: 11 45 33
Path Length of 33: 5.89922
34: 34
Path Length of 34: 2.23256
35: 34 12 35
Path Length of 35: 5.25031
36: 34 22 36
Path Length of 36: 5.47136
37: 32 37
Path Length of 37: 5.17654
38: 11 19 38
Path Length of 38: 4.43922
39: 11 45 39
Path Length of 39: 4.46746
40: 34 12 40
Path Length of 40: 5.61011
41: 30 41
Path Length of 41: 4.85628
42: 3 42
Path Length of 42: 4.88635
43: 3 43
Path Length of 43: 5.66179
44: 32 44
Path Length of 44: 4.07069
45: 11 45
Path Length of 45: 2.80835
46: 30 46
Path Length of 46: 3.01681
47: 30 47
Path Length of 47: 5.56153
48: 34 48
Path Length of 48: 5.3133
49: 32 21 49
Path Length of 49: 5.86085

Average of Graph Paths: 4.16104
Average number of neighbors per node: 21
Total number of neighbors: 1088
